,author_id,feature_importance,features,feature_stats,tfidf,author,feature_names
0,0,"[np.float64(3564.864179996459), np.float64(3444.786619760323), np.float64(2909.429421982318), np.float64(2454.837856712674), np.float64(2024.8287110835324)]","[740, 1325, 1147, 1356, 1256]","[0, 0, 0, 0, 0]","[np.float64(0.0), np.float64(-9.434225793992845e-12), np.float64(0.0014643375268351391), np.float64(0.0), np.float64(0.0)]",Abgaryan,"['(VERB, <-, SCONJ, cc)' '(PRON, ->, PRON, orphan)' '(ADV, <-, PART, cc)'
 '(PROPN, ->, NUM, nummod)' '(NOUN, ->, PRON, nsubj)']"
1,1,"[np.float64(10451.98660719934), np.float64(7116.825043696424), np.float64(6957.904640439793), np.float64(4539.598808417761), np.float64(4435.617359989631)]","[202, 761, 306, 1373, 117]","[2, 0, 0, 0, 0]","[np.float64(0.009154163506935709), np.float64(0.0049501769642688095), np.float64(0.0002923733247772638), np.float64(0.00012135779367977136), np.float64(0.0017553779025229084)]",Adamov,"['(VERB, ->, ADV, xcomp)' '(AUX, ->, PROPN, root)'
 '(PRON, ->, ADV, advmod)' '(VERB, ->, VERB, cop)'
 '(PUNCT, ->, NUM, conj)']"
2,2,"[np.float64(6858.719263188753), np.float64(5410.496118459526), np.float64(4657.803241125785), np.float64(4593.496201641499), np.float64(4429.877170937482)]","[853, 524, 257, 1383, 646]","[1, 9, 0, 2, 0]","[np.float64(0.0039009708384544553), np.float64(0.002029838060723645), np.float64(0.009128354330893963), np.float64(0.009725019076275756), np.float64(0.00040461546330467434)]",Aksakov,"['(VERB, <-, NOUN, mark)' '(ADP, ->, NUM, nummod)'
 '(PRON, <-, ADV, advmod)' '(DET, ->, PROPN, obl)' '(ADJ, ->, PRON, iobj)']"
3,3,"[np.float64(1882.1335197260828), np.float64(1165.9906714859603), np.float64(1118.9575263862291), np.float64(1032.1971540283782), np.float64(1028.656398181366)]","[519, 979, 1174, 736, 1443]","[0, 0, 0, 0, 77]","[np.float64(0.012542343394256559), np.float64(0.018813515091384837), np.float64(0.0), np.float64(0.0), np.float64(0.0062711716971282794)]",AkuninBorisova,"['(PRON, <-, AUX, cop)' '(ADJ, <-, ADP, case)' '(VERB, ->, PRON, iobj)'
 '(ADJ, <-, VERB, advcl)' '(NOUN, ->, CCONJ, cc)']"
4,4,"[np.float64(5273.170979563499), np.float64(5074.917343284979), np.float64(4757.905640593412), np.float64(4399.959500656345), np.float64(4138.547591167333)]","[990, 603, 1326, 161, 59]","[0, 0, 1, 1, 0]","[np.float64(0.008862191620174126), np.float64(0.0008032008066118069), np.float64(0.0014595710624045908), np.float64(0.005685273413870737), np.float64(0.0)]",AkuninBrusnikin,"['(DET, <-, CCONJ, advmod)' '(ADJ, <-, NUM, advmod)'
 '(AUX, ->, NOUN, appos)' '(VERB, ->, PROPN, flat:foreign)'
 '(VERB, ->, PROPN, xcomp)']"
5,5,"[np.float64(6064.904217823831), np.float64(5405.262413723764), np.float64(5017.396938218114), np.float64(4870.334791710884), np.float64(4796.992902061659)]","[1056, 1396, 1235, 910, 942]","[56, 0, 4, 0, 0]","[np.float64(0.0015659198753633365), np.float64(0.0006855340543219249), np.float64(0.0), np.float64(0.00039147996884083413), np.float64(0.002739383344981253)]",Akunin,"['(NOUN, <-, SCONJ, advmod)' '(NUM, <-, AUX, cop)' '(X, <-, PRON, iobj)'
 '(AUX, ->, PRON, root)' '(VERB, ->, NOUN, obl)']"
6,6,"[np.float64(4685.603796752318), np.float64(4397.221375955276), np.float64(4114.361707528688), np.float64(4071.0257423577505), np.float64(3925.590439641447)]","[219, 158, 24, 1230, 1026]","[0, 0, 0, 0, 0]","[np.float64(0.0005830606861604515), np.float64(0.011663622550995324), np.float64(0.01906079114185196), np.float64(0.023618956670869568), np.float64(0.06042470855142659)]",Aldanov,"['(NOUN, <-, ADV, nmod)' '(CCONJ, <-, PAD, punct)'
 '(ADV, ->, PART, discourse)' '(ADJ, ->, X, mark)'
 '(PROPN, ->, NUM, flat:foreign)']"
7,7,"[np.float64(5138.774147846095), np.float64(4378.350146922964), np.float64(3794.8889685446793), np.float64(3528.7396203346034), np.float64(3469.2837711689062)]","[476, 1438, 242, 1063, 1303]","[0, 0, 6, 0, 0]","[np.float64(0.00980227551947842), np.float64(0.034088474559374554), np.float64(0.008773629928138849), np.float64(0.000881461581578597), np.float64(0.04239604320920269)]",Aleshkovsky,"['(NOUN, ->, ADV, appos)' '(ADP, ->, PRON, advmod)'
 '(PROPN, ->, DET, det)' '(PRON, <-, NOUN, parataxis)'
 '(PUNCT, ->, PROPN, appos)']"
8,8,"[np.float64(3267.2153128146483), np.float64(795.5573028867507), np.float64(745.133785978212), np.float64(725.875914154705), np.float64(605.2733834197775)]","[1144, 1211, 518, 815, 715]","[8, 0, 0, 0, 0]","[np.float64(0.0), np.float64(0.0), np.float64(0.011440413813494352), np.float64(0.009524800155474309), np.float64(0.0035325980102686436)]",Alexander Hofman,"['(PROPN, <-, NOUN, nmod)' '(ADV, ->, SYM, mark)'
 '(VERB, ->, VERB, punct)' '(VERB, <-, VERB, nsubj)'
 '(PROPN, ->, ADJ, conj)']"
9,9,"[np.float64(5082.417543612433), np.float64(3943.492660662627), np.float64(3864.673118600367), np.float64(2689.6450937827976), np.float64(2647.2915746829235)]","[680, 327, 1268, 734, 628]","[0, 0, 1, 0, 1]","[np.float64(0.0003688062133805312), np.float64(0.0033269220768963057), np.float64(0.0), np.float64(0.004515372265625926), np.float64(0.009515962384397064)]",Astafiev,"['(VERB, <-, SCONJ, fixed)' '(PUNCT, ->, NOUN, nsubj)'
 '(ADJ, <-, PART, cc)' '(DET, <-, INTJ, mark)' '(ADJ, ->, ADJ, iobj)']"
10,10,"[np.float64(2505.1217326375468), np.float64(2165.561638914081), np.float64(2117.9260230954264), np.float64(1783.5575467179208), np.float64(1602.744564376476)]","[465, 859, 527, 713, 170]","[0, 0, 0, 0, 53]","[np.float64(0.007739973287768571), np.float64(0.009718858743478685), np.float64(0.004399095913309428), np.float64(0.0019294654631980546), np.float64(0.005244690194437892)]",Bakhtin,"['(PRON, ->, ADV, obl)' '(NUM, ->, VERB, acl)' '(NOUN, <-, NOUN, conj)'
 '(NOUN, ->, X, parataxis)' '(PART, <-, X, punct)']"
11,11,"[np.float64(7074.652343904293), np.float64(2448.3679788298086), np.float64(1539.2999369486843), np.float64(1401.7866162700227), np.float64(1340.565911373769)]","[852, 461, 1383, 1425, 1246]","[0, 100, 0, 0, 0]","[np.float64(0.02272090601629553), np.float64(0.00179323674996528), np.float64(0.0), np.float64(0.010098180451686901), np.float64(0.010098180451686901)]",Barinova,"['(NOUN, <-, PART, cc)' '(PRON, <-, PART, orphan)' '(DET, ->, PROPN, obl)'
 '(ADV, ->, VERB, acl:relcl)' '(VERB, ->, PART, cc)']"
12,12,"[np.float64(1288.877293941003), np.float64(1132.4904964409398), np.float64(710.7353838404005), np.float64(710.5380007468158), np.float64(604.4710521608372)]","[752, 97, 651, 450, 1357]","[0, 0, 1, 0, 121]","[np.float64(0.0), np.float64(0.0), np.float64(0.0), np.float64(0.0), np.float64(0.0)]",bashinform 202,"['(DET, ->, PUNCT, punct)' '(VERB, ->, NUM, nummod)'
 '(VERB, <-, ADP, case)' '(DET, <-, ADV, obl)' '(VERB, <-, NOUN, obl)']"
13,13,"[np.float64(10306.034508289176), np.float64(4552.190506525291), np.float64(4329.01024545761), np.float64(4194.75950279327), np.float64(4184.397645593813)]","[559, 1011, 715, 1122, 710]","[69, 0, 1, 0, 0]","[np.float64(0.0036896421230834422), np.float64(0.0016740404845001322), np.float64(0.0), np.float64(0.0010459395700704213), np.float64(0.0003003364097037683)]",Belyaev,"['(VERB, ->, NOUN, nmod)' '(DET, <-, VERB, parataxis)'
 '(PROPN, ->, ADJ, conj)' '(PRON, ->, NOUN, parataxis)'
 '(VERB, ->, SCONJ, obl)']"
14,14,"[np.float64(6134.2867054440085), np.float64(2392.827170772525), np.float64(2160.6872646638626), np.float64(2008.9936075997202), np.float64(1770.1699092605832)]","[1340, 1020, 1012, 1144, 1125]","[0, 0, 0, 0, 0]","[np.float64(0.0), np.float64(0.0), np.float64(0.0), np.float64(0.002328728392869554), np.float64(0.0006849829945608127)]",Belyanin,"['(VERB, ->, DET, iobj)' '(ADV, <-, DET, nsubj)' '(ADV, <-, NOUN, advcl)'
 '(PROPN, <-, NOUN, nmod)' '(X, ->, ADV, advmod)']"
15,15,"[np.float64(1236.4433146753559), np.float64(1181.8922700452754), np.float64(359.0920352935045), np.float64(280.1646572436063), np.float64(251.2740205082253)]","[1204, 815, 651, 731, 851]","[0, 34, 88, 0, 21]","[np.float64(0.0), np.float64(0.0), np.float64(0.0), np.float64(0.006494391317431936), np.float64(-5.704316884347017e-11)]",Bobkova,"['(PRON, <-, ADV, case)' '(VERB, <-, VERB, nsubj)' '(VERB, <-, ADP, case)'
 '(NOUN, <-, ADP, amod)' '(NOUN, <-, NUM, nummod)']"
16,16,"[np.float64(6241.692013157219), np.float64(4131.426105751859), np.float64(3467.826813314378), np.float64(2696.028838322073), np.float64(2120.3547882899293)]","[131, 469, 1190, 667, 1418]","[0, 0, 1, 0, 0]","[np.float64(0.0011639625382511042), np.float64(0.0030962938024927723), np.float64(0.0072364204457752495), np.float64(0.0030962938024927723), np.float64(0.003060412558174632)]",BonchOsmolovskaya,"['(PROPN, <-, NOUN, nsubj)' '(DET, ->, PART, discourse)'
 '(PRON, ->, ADJ, conj)' '(VERB, ->, ADJ, parataxis)'
 '(DET, <-, ADV, advmod)']"
17,17,"[np.float64(4146.405227117461), np.float64(3663.692610847671), np.float64(3652.931799057659), np.float64(3391.418357227967), np.float64(3195.2747724909905)]","[1428, 68, 141, 1262, 280]","[0, 0, 0, 0, 0]","[np.float64(0.0012205996588652993), np.float64(0.005612510521681521), np.float64(0.0029338350866086253), np.float64(0.002413193271205551), np.float64(0.000249723785027055)]",Brustein,"['(PART, ->, PROPN, parataxis)' '(NOUN, <-, PART, acl)'
 '(NUM, ->, CCONJ, cc)' '(PRON, ->, SCONJ, parataxis)'
 '(ADJ, <-, SCONJ, obl)']"
18,18,"[np.float64(5052.694732245904), np.float64(4036.4738149031527), np.float64(3564.597237039416), np.float64(3444.7656182372093), np.float64(3154.29641179823)]","[491, 867, 124, 1200, 415]","[1, 0, 0, 1, 0]","[np.float64(0.008390134496531261), np.float64(0.0024276244717396666), np.float64(0.005814405620275186), np.float64(0.008084530932472437), np.float64(0.02072993424519193)]",Bulgakov,"['(PROPN, ->, PRON, appos)' '(VERB, <-, NOUN, obj)'
 '(AUX, <-, PROPN, obl)' '(X, <-, PART, cc)' '(ADV, <-, ADV, advcl)']"
19,19,"[np.float64(20505.11407774636), np.float64(7338.0764679405065), np.float64(6814.382068567206), np.float64(6399.861368171955), np.float64(5074.67320862277)]","[1053, 603, 1060, 446, 713]","[18, 0, 0, 0, 0]","[np.float64(0.0005197221112531767), np.float64(0.0011024775608940009), np.float64(0.01294098419575875), np.float64(0.015123565430922529), np.float64(0.001754660027112647)]",Bulychev,"['(ADV, ->, NUM, nummod)' '(ADJ, <-, NUM, advmod)'
 '(PROPN, ->, NOUN, flat:name)' '(SCONJ, <-, VERB, root)'
 '(NOUN, ->, X, parataxis)']"
20,20,"[np.float64(6001.873155988216), np.float64(5203.0217238745545), np.float64(5194.54165083867), np.float64(4615.966687715461), np.float64(4325.93240927159)]","[782, 859, 740, 202, 827]","[0, 0, 1, 0, 0]","[np.float64(0.0004714981696610057), np.float64(0.006401324482298235), np.float64(0.0035596360622962347), np.float64(0.023584998530398447), np.float64(0.028681978087612827)]",Bushkov,"['(NUM, ->, ADP, case)' '(NUM, ->, VERB, acl)' '(VERB, <-, SCONJ, cc)'
 '(VERB, ->, ADV, xcomp)' '(VERB, ->, PRON, orphan)']"
21,21,"[np.float64(4906.146335225952), np.float64(4384.852692980996), np.float64(4321.234510959076), np.float64(4121.296484929196), np.float64(3147.1660711180944)]","[1159, 151, 954, 818, 795]","[0, 0, 0, 0, 0]","[np.float64(0.005177063715757923), np.float64(0.0), np.float64(0.0), np.float64(0.0), np.float64(0.002121655077938955)]",Bykov,"['(PROPN, ->, X, orphan)' '(ADJ, ->, ADJ, obl)' '(AUX, <-, NOUN, obl)'
 '(VERB, ->, DET, conj)' '(ADV, <-, PRON, cop)']"
22,22,"[np.float64(710.7967988844691), np.float64(325.6967074255913), np.float64(312.83997942131265), np.float64(287.1332967100024), np.float64(284.70646399833066)]","[973, 1174, 1220, 1078, 413]","[0, 1, 110, 124, 18]","[np.float64(0.0), np.float64(0.0), np.float64(0.0), np.float64(0.0), np.float64(0.0)]",Chechin,"['(NOUN, <-, PUNCT, punct)' '(VERB, ->, PRON, iobj)'
 '(PRON, <-, PUNCT, punct)' '(PROPN, ->, PROPN, conj)'
 '(ADJ, ->, NOUN, nsubj)']"
23,23,"[np.float64(4310.605233290625), np.float64(3630.720228536972), np.float64(3626.7355564960267), np.float64(3404.4307488181203), np.float64(3273.1892113269714)]","[96, 356, 132, 879, 715]","[0, 0, 0, 0, 0]","[np.float64(0.13225888342809491), np.float64(0.007209244962702445), np.float64(0.00045404096193835754), np.float64(0.03246970330455556), np.float64(0.0004902739436196993)]",Chekhov,"['(ADJ, ->, PUNCT, nummod)' '(INTJ, ->, NOUN, nmod)'
 '(VERB, ->, NOUN, advmod)' '(PRON, <-, NOUN, appos)'
 '(PROPN, ->, ADJ, conj)']"
24,24,"[np.float64(6032.175212074847), np.float64(5756.070872841767), np.float64(4288.707994685451), np.float64(3759.2861012136746), np.float64(3712.7475781436924)]","[1216, 804, 331, 186, 1144]","[0, 0, 0, 0, 0]","[np.float64(0.0), np.float64(0.0014910778573296952), np.float64(0.0007957497099632542), np.float64(0.0016208399684038686), np.float64(0.0006714010098250421)]",Cherkasova,"['(ADJ, <-, SCONJ, obj)' '(ADV, ->, PART, cc)' '(NOUN, ->, VERB, acl)'
 '(VERB, <-, PRON, nmod)' '(PROPN, <-, NOUN, nmod)']"
25,25,"[np.float64(663.9861916653487), np.float64(623.0650582675365), np.float64(586.1268389546117), np.float64(579.1091581824704), np.float64(547.3066341700847)]","[1325, 339, 1257, 877, 1246]","[0, 0, 5, 0, 0]","[np.float64(0.006088938837048322), np.float64(0.0063999179408674245), np.float64(0.021430363985535623), np.float64(0.0013436176254623287), np.float64(0.0)]",Convlab,"['(PRON, ->, PRON, orphan)' '(ADJ, ->, NUM, nummod:gov)'
 '(VERB, ->, INTJ, ccomp)' '(PROPN, <-, ADJ, nsubj)'
 '(VERB, ->, PART, cc)']"
26,26,"[np.float64(3209.6783676538985), np.float64(2328.8657375203547), np.float64(2323.963811105689), np.float64(2231.572104203009), np.float64(2142.379765422267)]","[1123, 869, 461, 1372, 1229]","[0, 0, 0, 1, 0]","[np.float64(0.011202644078507996), np.float64(0.0), np.float64(0.012895601162641539), np.float64(0.000393075230824842), np.float64(0.008528445763109217)]",Derevyanko,"['(NOUN, ->, ADJ, advmod)' '(ADJ, <-, ADP, advmod)'
 '(PRON, <-, PART, orphan)' '(CCONJ, <-, DET, det)'
 '(PROPN, <-, NUM, amod)']"
27,27,"[np.float64(183.87699384563174), np.float64(132.61365936819362), np.float64(114.94843101000585), np.float64(97.37391751488887), np.float64(94.59480423730152)]","[824, 542, 711, 1078, 1310]","[2, 1, 0, 0, 0]","[np.float64(0.0), np.float64(-8.064515722209117e-11), np.float64(0.0024122265059146357), np.float64(0.0), np.float64(0.0)]",DoctorPiter,"['(VERB, <-, ADV, parataxis)' '(SYM, <-, AUX, cop)'
 '(PROPN, ->, PROPN, nmod)' '(PROPN, ->, PROPN, conj)'
 '(PROPN, ->, PROPN, root)']"
28,28,"[np.float64(5059.545308072441), np.float64(4795.694157624443), np.float64(4335.342214161329), np.float64(3999.153317153888), np.float64(3810.070536425156)]","[361, 352, 11, 1279, 186]","[0, 0, 1, 5, 0]","[np.float64(0.004771879828172479), np.float64(0.010779182335569445), np.float64(0.010463178610043967), np.float64(0.010964226310055435), np.float64(0.05477227729396737)]",Dombrowski,"['(ADV, <-, PRON, nmod)' '(NOUN, <-, X, nsubj)' '(PRON, ->, ADV, advcl)'
 '(PUNCT, ->, NOUN, appos)' '(VERB, <-, PRON, nmod)']"
29,29,"[np.float64(8911.964429358068), np.float64(5060.529807910026), np.float64(2504.0847676857593), np.float64(2103.9332876623016), np.float64(1918.6013985105935)]","[1232, 111, 761, 1191, 450]","[0, 0, 124, 0, 0]","[np.float64(0.0), np.float64(0.0), np.float64(0.021666527945516535), np.float64(0.0794439358002273), np.float64(0.004705596791035294)]",Doronina,"['(ADV, ->, PRON, nmod)' '(ADJ, ->, NOUN, nmod)' '(AUX, ->, PROPN, root)'
 '(ADJ, ->, PRON, mark)' '(DET, <-, ADV, obl)']"
30,30,"[np.float64(7964.078014960669), np.float64(6695.46636657185), np.float64(6092.402429288954), np.float64(5474.2651585236445), np.float64(5357.587709412976)]","[544, 898, 762, 206, 1356]","[0, 0, 0, 0, 2]","[np.float64(0.008519469766577739), np.float64(0.0036676351709649226), np.float64(0.003972320666678498), np.float64(0.008987817575532134), np.float64(0.005226054004943481)]",Dostoevsky,"['(VERB, <-, CCONJ, mark)' '(PROPN, ->, ADV, amod)' '(NOUN, <-, INTJ, cc)'
 '(ADJ, <-, NUM, punct)' '(PROPN, ->, NUM, nummod)']"
31,31,"[np.float64(1930.0551111146176), np.float64(1367.4307453279923), np.float64(1135.8382629942307), np.float64(1075.341883552572), np.float64(1062.0386608924266)]","[179, 667, 740, 1418, 713]","[0, 0, 0, 0, 0]","[np.float64(0.002819009532938351), np.float64(0.0017734323170453144), np.float64(0.038331481969963645), np.float64(0.00793421640798305), np.float64(0.0)]",Dovlatov,"['(VERB, <-, SCONJ, obj)' '(VERB, ->, ADJ, parataxis)'
 '(VERB, <-, SCONJ, cc)' '(DET, <-, ADV, advmod)'
 '(NOUN, ->, X, parataxis)']"
32,32,"[np.float64(7332.104519302125), np.float64(5382.3281716426945), np.float64(2517.783791827454), np.float64(2138.4315474969335), np.float64(2037.388168791645)]","[979, 669, 954, 572, 725]","[124, 0, 0, 0, 9]","[np.float64(0.0007225170204367143), np.float64(0.028240719528058233), np.float64(0.015471715373793117), np.float64(0.010587676264681583), np.float64(0.0036031042296224888)]",Dragunski,"['(ADJ, <-, ADP, case)' '(ADJ, <-, PRON, nmod)' '(AUX, <-, NOUN, obl)'
 '(PRON, ->, VERB, parataxis)' '(ADJ, ->, PART, parataxis)']"
33,33,"[np.float64(971.2756489912771), np.float64(732.4632924745347), np.float64(528.4203125389386), np.float64(527.1383914783618), np.float64(492.10976304681435)]","[1140, 1201, 863, 161, 1122]","[1, 0, 0, 0, 0]","[np.float64(0.0), np.float64(0.0), np.float64(0.0), np.float64(0.007177969078745973), np.float64(0.0)]",Drobyshevsky Rupasova,"['(NOUN, ->, ADV, conj)' '(PRON, <-, PART, cc)' '(PART, ->, VERB, root)'
 '(VERB, ->, PROPN, flat:foreign)' '(PRON, ->, NOUN, parataxis)']"
34,34,"[np.float64(1143.2571471534482), np.float64(1078.2566579597074), np.float64(953.5113561784642), np.float64(829.4732597518956), np.float64(635.8516981018322)]","[815, 492, 98, 111, 379]","[0, 0, 2, 0, 0]","[np.float64(0.011546640788915917), np.float64(0.0016732749159252885), np.float64(0.00010292284868415033), np.float64(0.0), np.float64(0.006286520836236773)]",Drobyshevsky,"['(VERB, <-, VERB, nsubj)' '(X, ->, X, nummod:entity)'
 '(X, ->, PROPN, amod)' '(ADJ, ->, NOUN, nmod)' '(NOUN, <-, ADJ, conj)']"
35,35,"[np.float64(3281.9878577519507), np.float64(1138.5814190523415), np.float64(1027.0118083970792), np.float64(959.7436973629691), np.float64(938.3504622635317)]","[101, 264, 595, 1174, 493]","[0, 0, 124, 0, 0]","[np.float64(0.0), np.float64(0.0), np.float64(0.023324932064991373), np.float64(0.0), np.float64(0.0)]",Dubchak,"['(ADJ, ->, VERB, conj)' '(PART, ->, NOUN, obl)' '(AUX, <-, NOUN, advcl)'
 '(VERB, ->, PRON, iobj)' '(NOUN, ->, NOUN, obl)']"
36,36,"[np.float64(786.000039867684), np.float64(401.3303205722462), np.float64(312.51718176766656), np.float64(302.4534954551652), np.float64(283.85482952200124)]","[819, 1315, 736, 603, 651]","[0, 0, 0, 0, 0]","[np.float64(-5.289333139779405e-12), np.float64(0.0), np.float64(0.0), np.float64(0.0), np.float64(0.03959278076585589)]",EdimDoma,"['(AUX, ->, ADV, nsubj)' '(VERB, ->, NOUN, conj)' '(ADJ, <-, VERB, advcl)'
 '(ADJ, <-, NUM, advmod)' '(VERB, <-, ADP, case)']"
37,37,"[np.float64(11551.876652358289), np.float64(6796.574242612677), np.float64(5969.288925393549), np.float64(5588.372763600829), np.float64(4928.8203475440505)]","[1220, 133, 461, 624, 628]","[124, 0, 0, 0, 5]","[np.float64(4.8363157445853526e-05), np.float64(0.010774770878740939), np.float64(0.012659234010675596), np.float64(0.00035116529653070783), np.float64(0.0033422192034017833)]",Efremov,"['(PRON, <-, PUNCT, punct)' '(PRON, ->, PART, cc)'
 '(PRON, <-, PART, orphan)' '(PROPN, ->, PART, advmod)'
 '(ADJ, ->, ADJ, iobj)']"
38,38,"[np.float64(5672.895803501902), np.float64(4410.132106313357), np.float64(3239.8957195174276), np.float64(2856.3077411388986), np.float64(2833.7749834631186)]","[1373, 702, 1232, 1049, 824]","[1, 1, 0, 0, 0]","[np.float64(0.0), np.float64(0.014496203983530737), np.float64(0.003987159712663723), np.float64(0.006182851773666668), np.float64(0.004594339487591424)]",Epstein,"['(VERB, ->, VERB, cop)' '(ADJ, ->, PAD, conj)' '(ADV, ->, PRON, nmod)'
 '(NOUN, ->, CCONJ, advmod)' '(VERB, <-, ADV, parataxis)']"
39,39,"[np.float64(5200.994771986029), np.float64(4525.2737104160915), np.float64(2768.0608192480563), np.float64(2759.572023245831), np.float64(2660.453628052643)]","[151, 937, 1101, 736, 63]","[111, 0, 0, 0, 0]","[np.float64(0.016687123754872798), np.float64(0.008220274809616974), np.float64(0.0012124731170899178), np.float64(0.008169476592821075), np.float64(0.0)]",Exler,"['(ADJ, ->, ADJ, obl)' '(ADJ, ->, PROPN, obj)'
 '(NOUN, ->, NUM, acl:relcl)' '(ADJ, <-, VERB, advcl)'
 '(PUNCT, <-, CCONJ, cc)']"
40,40,"[np.float64(6938.2424614749925), np.float64(4837.059700560453), np.float64(4795.947767203979), np.float64(4662.768183912011), np.float64(3900.06132679366)]","[866, 919, 519, 624, 573]","[0, 4, 0, 0, 0]","[np.float64(0.006603608342631222), np.float64(0.0021892650064627987), np.float64(0.008284044685238344), np.float64(0.0010728711118201447), np.float64(0.04765808139614721)]",Fadeev,"['(PRON, <-, ADJ, nsubj)' '(PUNCT, ->, PRON, obl)' '(PRON, <-, AUX, cop)'
 '(PROPN, ->, PART, advmod)' '(PROPN, ->, PRON, det)']"
41,41,"[np.float64(3644.4701052679197), np.float64(3416.7193370035466), np.float64(3091.6234302052094), np.float64(3072.1019560224568), np.float64(2506.018489526451)]","[305, 132, 418, 689, 1248]","[1, 0, 0, 0, 0]","[np.float64(0.007959331979236305), np.float64(0.0021320502040957754), np.float64(0.00442818910067042), np.float64(0.018314254706947832), np.float64(0.005222947533738084)]",Furmanov,"['(PRON, ->, NOUN, acl:relcl)' '(VERB, ->, NOUN, advmod)'
 '(VERB, <-, PAD, nsubj:pass)' '(NOUN, <-, PRON, iobj)'
 '(ADJ, ->, NOUN, obj)']"
42,42,"[np.float64(2861.3238323557043), np.float64(2287.165313787409), np.float64(2155.196017511638), np.float64(2141.357034261294), np.float64(1601.285474627354)]","[151, 356, 740, 703, 1159]","[111, 0, 0, 74, 0]","[np.float64(0.03440063806787248), np.float64(0.01454840426976617), np.float64(0.0046951627346843855), np.float64(0.004926620767540893), np.float64(0.005493335783114348)]",Gachev,"['(ADJ, ->, ADJ, obl)' '(INTJ, ->, NOUN, nmod)' '(VERB, <-, SCONJ, cc)'
 '(VERB, <-, VERB, cop)' '(PROPN, ->, X, orphan)']"
43,43,"[np.float64(914.0610631729262), np.float64(856.0887469399422), np.float64(536.8116497498571), np.float64(427.5835286029739), np.float64(416.0429167340194)]","[1091, 646, 874, 1325, 1007]","[0, 0, 0, 0, 0]","[np.float64(0.0012923835655196598), np.float64(0.007004921710850831), np.float64(0.06116840536374751), np.float64(0.0), np.float64(0.0)]",Gasymov,"['(NOUN, ->, PART, aux)' '(ADJ, ->, PRON, iobj)' '(NOUN, ->, NOUN, punct)'
 '(PRON, ->, PRON, orphan)' '(VERB, ->, NOUN, orphan)']"
44,44,"[np.float64(5638.987025646514), np.float64(3468.927465486502), np.float64(3116.9633740383647), np.float64(3027.325113671005), np.float64(2982.3118803893353)]","[378, 176, 111, 141, 1442]","[0, 1, 0, 0, 0]","[np.float64(0.016918904879961522), np.float64(0.003947270301407547), np.float64(0.008618646452356387), np.float64(0.0037473581080704325), np.float64(0.0047230180636991205)]",Gaydar,"['(VERB, <-, AUX, advcl)' '(PROPN, <-, NOUN, root)'
 '(ADJ, ->, NOUN, nmod)' '(NUM, ->, CCONJ, cc)' '(PART, ->, PRON, root)']"
45,45,"[np.float64(1016.2335106565234), np.float64(830.6417595546806), np.float64(792.9728886644822), np.float64(730.5540233194768), np.float64(560.502381942585)]","[752, 869, 851, 973, 1012]","[0, 2, 0, 0, 0]","[np.float64(0.01661255347359357), np.float64(0.0), np.float64(0.008429958144880437), np.float64(0.0), np.float64(0.0)]",GazetaRu,"['(DET, ->, PUNCT, punct)' '(ADJ, <-, ADP, advmod)'
 '(NOUN, <-, NUM, nummod)' '(NOUN, <-, PUNCT, punct)'
 '(ADV, <-, NOUN, advcl)']"
46,46,"[np.float64(2416.45099650693), np.float64(2206.1488976167743), np.float64(1889.682846646218), np.float64(1861.9145071027144), np.float64(1764.6109480985765)]","[521, 92, 775, 571, 456]","[0, 0, 0, 0, 0]","[np.float64(0.0030386392212702514), np.float64(0.0008900405064857453), np.float64(0.0), np.float64(0.0020162474357399473), np.float64(0.008380222460585578)]",Gelb,"['(DET, ->, PRON, acl)' '(ADJ, <-, NOUN, nsubj:pass)'
 '(NUM, ->, PROPN, parataxis)' '(VERB, <-, INTJ, nummod:gov)'
 '(ADJ, ->, PRON, ccomp)']"
47,47,"[np.float64(2068.8659491143876), np.float64(1310.579023002356), np.float64(1119.1108253171278), np.float64(1007.7189671224893), np.float64(958.6869195895346)]","[88, 1413, 1279, 686, 306]","[0, 0, 0, 0, 20]","[np.float64(0.00043260760637513614), np.float64(0.002075271212568747), np.float64(0.0010055423214084733), np.float64(0.002075271212568747), np.float64(0.022073037030129392)]",Gorelov,"['(PROPN, <-, VERB, parataxis)' '(ADV, ->, ADV, punct)'
 '(PUNCT, ->, NOUN, appos)' '(NOUN, <-, PRON, mark)'
 '(PRON, ->, ADV, advmod)']"
48,48,"[np.float64(683.4187796872598), np.float64(619.5456647760327), np.float64(433.28135733333954), np.float64(394.8420450167745), np.float64(394.5080901023017)]","[559, 1174, 973, 524, 425]","[0, 0, 0, 0, 113]","[np.float64(0.0), np.float64(0.0), np.float64(0.0), np.float64(0.0), np.float64(0.0)]",GorVestnik,"['(VERB, ->, NOUN, nmod)' '(VERB, ->, PRON, iobj)'
 '(NOUN, <-, PUNCT, punct)' '(ADP, ->, NUM, nummod)'
 '(ADV, ->, NOUN, root)']"
49,49,"[np.float64(6852.049893528535), np.float64(4416.386091572736), np.float64(4285.87039483451), np.float64(3369.6025035284197), np.float64(3015.5323259782976)]","[493, 1348, 1280, 473, 961]","[0, 0, 117, 0, 0]","[np.float64(0.004939951632076511), np.float64(0.000860051797416018), np.float64(0.006008792482474124), np.float64(0.015168846537923419), np.float64(-2.5124142406442315e-11)]",Granin,"['(NOUN, ->, NOUN, obl)' '(SCONJ, <-, VERB, orphan)' '(ADV, ->, ADV, obl)'
 '(ADV, ->, DET, nsubj)' '(NOUN, ->, ADJ, det)']"
50,50,"[np.float64(5999.433944810292), np.float64(5342.676023352224), np.float64(3921.6702656319408), np.float64(3333.6357477904176), np.float64(3273.6990488026527)]","[1052, 220, 827, 604, 132]","[0, 0, 0, 0, 0]","[np.float64(0.014048329663996703), np.float64(0.0), np.float64(0.0007892908993297056), np.float64(0.04416017623507059), np.float64(0.0005796333627348772)]",Grekova,"['(ADV, <-, ADJ, iobj)' '(DET, <-, DET, nummod:gov)'
 '(VERB, ->, PRON, orphan)' '(ADV, <-, PRON, discourse)'
 '(VERB, ->, NOUN, advmod)']"
51,51,"[np.float64(6010.599296085989), np.float64(4993.573784606429), np.float64(4300.996202624335), np.float64(4065.1991039888126), np.float64(3717.4924360520677)]","[1049, 131, 730, 686, 262]","[0, 0, 0, 5, 0]","[np.float64(0.0), np.float64(0.0008370053062825531), np.float64(0.02949597401765183), np.float64(0.0), np.float64(0.0005111104122260972)]",Grin,"['(NOUN, ->, CCONJ, advmod)' '(PROPN, <-, NOUN, nsubj)'
 '(DET, <-, ADV, nummod:gov)' '(NOUN, <-, PRON, mark)'
 '(AUX, ->, ADV, conj)']"
52,52,"[np.float64(1490.1326060705062), np.float64(1485.1065964862262), np.float64(1248.9234660378477), np.float64(1025.0468674611038), np.float64(930.1540798825102)]","[824, 651, 1092, 179, 979]","[0, 0, 1, 0, 0]","[np.float64(0.026392392931931637), np.float64(0.0), np.float64(0.004781252570171434), np.float64(0.00164933827585062), np.float64(0.0)]",Gusev,"['(VERB, <-, ADV, parataxis)' '(VERB, <-, ADP, case)'
 '(PROPN, ->, VERB, acl)' '(VERB, <-, SCONJ, obj)' '(ADJ, <-, ADP, case)']"
53,53,"[np.float64(485.61727145141725), np.float64(253.7184307837391), np.float64(238.61401074881368), np.float64(215.87058925158325), np.float64(207.42720573914013)]","[927, 1413, 615, 69, 874]","[0, 3, 0, 0, 0]","[np.float64(0.0), np.float64(0.003250938915870388), np.float64(0.0), np.float64(0.006501877831740776), np.float64(0.003250938915870388)]",Gusiatnikova,"['(NOUN, <-, ADP, parataxis)' '(ADV, ->, ADV, punct)'
 '(NOUN, ->, PROPN, nmod)' '(PUNCT, <-, ADP, root)'
 '(NOUN, ->, NOUN, punct)']"
54,54,"[np.float64(5020.593283533458), np.float64(4395.025229608256), np.float64(4245.375936474827), np.float64(4161.466112284004), np.float64(3518.5546400816625)]","[24, 908, 1442, 867, 849]","[0, 0, 0, 0, 0]","[np.float64(0.0), np.float64(0.0003483625491020213), np.float64(0.004954007772285146), np.float64(0.009788596946266187), np.float64(0.005428431778573422)]",Hoffman,"['(ADV, ->, PART, discourse)' '(DET, ->, NOUN, conj)'
 '(PART, ->, PRON, root)' '(VERB, <-, NOUN, obj)' '(VERB, <-, ADV, obl)']"
55,55,"[np.float64(6088.199977694848), np.float64(5800.940523376258), np.float64(5740.319313238264), np.float64(5105.911514239757), np.float64(4888.203471476002)]","[317, 986, 261, 355, 803]","[0, 0, 0, 1, 0]","[np.float64(0.000891056374886612), np.float64(0.005333865900159602), np.float64(0.0017941893319462334), np.float64(0.009877247817231939), np.float64(0.013745784991359531)]",Kassil,"['(NOUN, <-, X, compound)' '(VERB, ->, NOUN, xcomp)'
 '(ADJ, ->, INTJ, parataxis)' '(ADV, <-, SCONJ, cc)'
 '(ADJ, ->, AUX, conj)']"
56,56,"[np.float64(7709.893095216425), np.float64(7297.628942792208), np.float64(6585.971974637638), np.float64(6432.7163650304465), np.float64(6056.382726673436)]","[582, 837, 1207, 804, 129]","[0, 0, 2, 0, 0]","[np.float64(0.0027657289952503546), np.float64(0.0), np.float64(0.005012704729375901), np.float64(0.00256735487930302), np.float64(0.011243017524422683)]",Kataev,"['(NUM, <-, CCONJ, advmod)' '(NOUN, <-, DET, orphan)'
 '(PRON, <-, PROPN, flat:foreign)' '(ADV, ->, PART, cc)'
 '(PART, <-, ADJ, amod)']"
57,57,"[np.float64(7843.844053052952), np.float64(6473.092385581533), np.float64(4855.46086616999), np.float64(4331.914322036244), np.float64(4257.1570352668095)]","[849, 310, 922, 406, 963]","[116, 2, 0, 0, 0]","[np.float64(0.0021787920599940823), np.float64(0.009594090990720325), np.float64(0.0011999281193543537), np.float64(0.000516486498483268), np.float64(0.09187551527580291)]",Kaverin,"['(VERB, <-, ADV, obl)' '(VERB, <-, PUNCT, cc)' '(PRON, ->, DET, acl)'
 '(DET, <-, DET, advmod)' '(NUM, ->, ADJ, fixed)']"
58,58,"[np.float64(604.4363097125789), np.float64(536.1165337505896), np.float64(534.4400742083164), np.float64(528.920889518416), np.float64(457.84852216605293)]","[628, 686, 824, 961, 757]","[0, 0, 2, 0, 0]","[np.float64(0.0), np.float64(0.0), np.float64(0.006720972609599886), np.float64(0.019443080571297327), np.float64(0.0)]",Kirsanova Anodina Aksenov,"['(ADJ, ->, ADJ, iobj)' '(NOUN, <-, PRON, mark)'
 '(VERB, <-, ADV, parataxis)' '(NOUN, ->, ADJ, det)'
 '(SYM, <-, ADP, case)']"
59,59,"[np.float64(3427.4327663277977), np.float64(3336.4821327557993), np.float64(1587.7940206794633), np.float64(1523.493915953086), np.float64(1374.247308397183)]","[225, 1173, 20, 1137, 894]","[0, 0, 0, 0, 0]","[np.float64(0.001301964390848103), np.float64(0.003580402074832284), np.float64(0.0068922850644432), np.float64(0.004231384270256335), np.float64(0.0137845701288864)]",Knabe,"['(AUX, <-, ADJ, root)' '(VERB, <-, X, advcl)' '(NOUN, <-, ADV, compound)'
 '(VERB, ->, NOUN, appos)' '(VERB, <-, SCONJ, advcl)']"
60,60,"[np.float64(651.1011948598147), np.float64(535.0073450667633), np.float64(521.867591764926), np.float64(468.6693549301998), np.float64(463.7715229855067)]","[1092, 1190, 388, 1261, 646]","[0, 0, 2, 0, 0]","[np.float64(0.01626903128699868), np.float64(0.0004977979481829625), np.float64(0.0), np.float64(0.0), np.float64(0.001448668893872517)]",Koni,"['(PROPN, ->, VERB, acl)' '(PRON, ->, ADJ, conj)' '(PRON, <-, DET, det)'
 '(ADJ, <-, PRON, mark)' '(ADJ, ->, PRON, iobj)']"
61,61,"[np.float64(8301.63090913364), np.float64(5132.889954136154), np.float64(4281.255871148924), np.float64(3885.9704154438227), np.float64(2912.67016737803)]","[28, 29, 144, 63, 946]","[0, 19, 0, 71, 0]","[np.float64(0.006408922871009279), np.float64(0.03177710863854939), np.float64(0.00044364421465235653), np.float64(0.031143830462265345), np.float64(0.0005569615763644754)]",Kozlov,"['(VERB, ->, PROPN, ccomp)' '(NOUN, ->, PRON, iobj)'
 '(VERB, ->, INTJ, nmod)' '(PUNCT, <-, CCONJ, cc)'
 '(VERB, <-, ADJ, orphan)']"
62,62,"[np.float64(7261.657546025533), np.float64(5892.82695359594), np.float64(5851.478210166657), np.float64(5770.9952629952495), np.float64(5113.185197795111)]","[990, 1201, 1238, 88, 574]","[1, 1, 0, 0, 0]","[np.float64(0.02618811121087762), np.float64(0.0008776099682670917), np.float64(0.0147784410384141), np.float64(0.012209804651982837), np.float64(0.004194210719935904)]",Krapivin,"['(DET, <-, CCONJ, advmod)' '(PRON, <-, PART, cc)'
 '(PROPN, ->, X, nummod:gov)' '(PROPN, <-, VERB, parataxis)'
 '(PROPN, <-, DET, nummod:gov)']"
63,63,"[np.float64(7670.269107638431), np.float64(7601.754350223254), np.float64(7475.8042197514815), np.float64(7239.155411318762), np.float64(7003.162276749407)]","[867, 352, 711, 1391, 604]","[0, 0, 124, 5, 109]","[np.float64(0.004121062428278512), np.float64(0.004168427277002007), np.float64(0.0025751377969313177), np.float64(0.00910986127070719), np.float64(0.004037304626418446)]",Kuprin,"['(VERB, <-, NOUN, obj)' '(NOUN, <-, X, nsubj)' '(PROPN, ->, PROPN, nmod)'
 '(VERB, ->, ADJ, mark)' '(ADV, <-, PRON, discourse)']"
64,64,"[np.float64(1184.1739335155678), np.float64(1095.8759015284475), np.float64(1083.9663140667406), np.float64(991.1065290784152), np.float64(922.3236715131312)]","[896, 762, 711, 615, 388]","[0, 0, 0, 0, 1]","[np.float64(0.004425046142669362), np.float64(0.009125416047043878), np.float64(0.0), np.float64(0.007098907082153495), np.float64(0.010507111219111381)]",Lermontov,"['(SCONJ, ->, NOUN, orphan)' '(NOUN, <-, INTJ, cc)'
 '(PROPN, ->, PROPN, nmod)' '(NOUN, ->, PROPN, nmod)'
 '(PRON, <-, DET, det)']"
65,65,"[np.float64(2528.472137424564), np.float64(1876.8341374612908), np.float64(1774.064313745128), np.float64(1702.3570270803682), np.float64(1657.629333088317)]","[1383, 110, 968, 678, 1038]","[0, 24, 0, 0, 0]","[np.float64(0.004756454036969275), np.float64(0.0), np.float64(0.014565707680846508), np.float64(0.012939600948994712), np.float64(0.0011827161559182192)]",Losev,"['(DET, ->, PROPN, obl)' '(PROPN, <-, PAD, amod)'
 '(ADJ, ->, SCONJ, punct)' '(NOUN, ->, PUNCT, advmod)'
 '(X, ->, NOUN, flat)']"
66,66,"[np.float64(2929.2363123902082), np.float64(2046.758546985279), np.float64(1804.5674182118594), np.float64(1749.061869969905), np.float64(1565.7768919711723)]","[1220, 1100, 1117, 1315, 1383]","[0, 0, 0, 1, 0]","[np.float64(0.0002003677190677506), np.float64(0.00011676173578594311), np.float64(0.014790996148109858), np.float64(-2.7237768333289068e-11), np.float64(0.0024824783496643246)]",Lubimova,"['(PRON, <-, PUNCT, punct)' '(VERB, ->, ADP, advmod)'
 '(ADJ, <-, PART, advmod)' '(VERB, ->, NOUN, conj)'
 '(DET, ->, PROPN, obl)']"
67,67,"[np.float64(4926.333706115521), np.float64(4628.200151789642), np.float64(4192.838946229909), np.float64(4092.9620648150662), np.float64(3963.5681494108967)]","[775, 703, 1369, 1321, 623]","[0, 0, 0, 0, 0]","[np.float64(0.01944213160985024), np.float64(0.03277758580870598), np.float64(3.258781980858119e-05), np.float64(0.0006851896483079994), np.float64(0.0)]",Lukyanenko,"['(NUM, ->, PROPN, parataxis)' '(VERB, <-, VERB, cop)'
 '(ADP, <-, PROPN, nsubj)' '(VERB, ->, PART, obl)' '(ADJ, <-, NOUN, nmod)']"
68,68,"[np.float64(7303.182303993562), np.float64(5384.643432551844), np.float64(2516.031375739354), np.float64(2405.566407364134), np.float64(2170.142888553547)]","[852, 94, 615, 1280, 59]","[100, 0, 0, 0, 0]","[np.float64(0.001215711332412366), np.float64(0.018827740043387393), np.float64(0.06024876813883967), np.float64(-2.0448747740209444e-12), np.float64(0.0002965635722192223)]",Lungu,"['(NOUN, <-, PART, cc)' '(AUX, <-, NOUN, orphan)'
 '(NOUN, ->, PROPN, nmod)' '(ADV, ->, ADV, obl)'
 '(VERB, ->, PROPN, xcomp)']"
69,69,"[np.float64(2910.7160438324513), np.float64(1951.3214693299494), np.float64(1790.478432663882), np.float64(1631.4454165808904), np.float64(1541.1567241859111)]","[264, 877, 1078, 133, 355]","[1, 0, 1, 0, 124]","[np.float64(0.018185189994411675), np.float64(0.004036977980821807), np.float64(0.0033503957583744842), np.float64(0.006232138804681624), np.float64(0.001223162463177179)]",Makushinskiyi,"['(PART, ->, NOUN, obl)' '(PROPN, <-, ADJ, nsubj)'
 '(PROPN, ->, PROPN, conj)' '(PRON, ->, PART, cc)' '(ADV, <-, SCONJ, cc)']"
70,70,"[np.float64(4061.5695771305664), np.float64(3247.737534541271), np.float64(3132.7972923758625), np.float64(2180.850429750005), np.float64(1836.7553252328212)]","[526, 720, 533, 752, 38]","[0, 0, 0, 0, 0]","[np.float64(0.0020084626036002396), np.float64(0.0008255625826260921), np.float64(0.006829784710872334), np.float64(0.003414307582435561), np.float64(0.004007340699522962)]",Malevish,"['(ADJ, ->, PROPN, csubj)' '(PAD, ->, ADJ, appos)'
 '(DET, ->, PRON, nsubj)' '(DET, ->, PUNCT, punct)'
 '(DET, ->, PART, conj)']"
71,71,"[np.float64(7740.901332529441), np.float64(5492.787375518502), np.float64(5167.2855676551235), np.float64(4860.772865787666), np.float64(4857.094047349575)]","[665, 955, 1168, 983, 477]","[1, 0, 0, 0, 0]","[np.float64(0.004389369294343245), np.float64(0.03743756264002947), np.float64(0.002652654843111049), np.float64(0.0017743081855515774), np.float64(0.011348958764312285)]",Mamin-Sibiryak,"['(AUX, ->, ADJ, obl)' '(NUM, ->, ADJ, nsubj)' '(NOUN, <-, DET, obj)'
 '(ADJ, ->, PROPN, flat:foreign)' '(ADV, <-, PRON, cc)']"
72,72,"[np.float64(5112.972651549454), np.float64(3068.747119551843), np.float64(2052.496214448387), np.float64(1452.795454631403), np.float64(1048.5919281304466)]","[804, 234, 519, 1122, 752]","[0, 0, 0, 2, 0]","[np.float64(0.0), np.float64(0.0), np.float64(0.01668011649011297), np.float64(0.004125891983427491), np.float64(0.015057993251261906)]",Mamina,"['(ADV, ->, PART, cc)' '(PROPN, <-, ADV, obl)' '(PRON, <-, AUX, cop)'
 '(PRON, ->, NOUN, parataxis)' '(DET, ->, PUNCT, punct)']"
73,73,"[np.float64(3821.889749599015), np.float64(2223.2570126978158), np.float64(1512.0397120928428), np.float64(1333.4723573001484), np.float64(1115.8631206421555)]","[837, 821, 234, 1078, 1206]","[0, 0, 0, 0, 0]","[np.float64(0.0), np.float64(0.05614727736562615), np.float64(0.0), np.float64(0.0), np.float64(0.0006385547953671372)]",Marchik,"['(NOUN, <-, DET, orphan)' '(AUX, <-, SCONJ, mark)'
 '(PROPN, <-, ADV, obl)' '(PROPN, ->, PROPN, conj)'
 '(ADJ, <-, PRON, discourse)']"
74,74,"[np.float64(7172.071978256429), np.float64(5523.791226202214), np.float64(5064.362137610195), np.float64(4677.243400597483), np.float64(4675.971385875349)]","[251, 146, 1056, 1092, 295]","[0, 2, 0, 0, 0]","[np.float64(0.003811271962186289), np.float64(0.01234476144752159), np.float64(0.003999881154724538), np.float64(0.01763351599221574), np.float64(0.007717735030830088)]",Marinina,"['(ADJ, <-, ADJ, conj)' '(NOUN, ->, DET, parataxis)'
 '(NOUN, <-, SCONJ, advmod)' '(PROPN, ->, VERB, acl)'
 '(PART, <-, NOUN, advmod)']"
75,75,"[np.float64(2676.4296891001595), np.float64(691.5492472952213), np.float64(621.9220995361186), np.float64(443.05109085930343), np.float64(413.9010799513376)]","[1383, 305, 217, 615, 1443]","[24, 0, 0, 0, 0]","[np.float64(0.0), np.float64(0.01888485561448326), np.float64(0.0), np.float64(0.0), np.float64(0.0)]",Mikhalkov,"['(DET, ->, PROPN, obl)' '(PRON, ->, NOUN, acl:relcl)'
 '(PRON, ->, VERB, ccomp)' '(NOUN, ->, PROPN, nmod)'
 '(NOUN, ->, CCONJ, cc)']"
76,76,"[np.float64(3727.9985453201875), np.float64(3534.3676056075487), np.float64(2646.9217987438415), np.float64(2331.591720898048), np.float64(2117.3124900988305)]","[37, 908, 1018, 22, 29]","[0, 0, 0, 0, 0]","[np.float64(0.0), np.float64(-7.493712726898558e-11), np.float64(0.000744691464568521), np.float64(0.007473492276817998), np.float64(0.029628945577815133)]",Moshkov,"['(NOUN, <-, CCONJ, parataxis)' '(DET, ->, NOUN, conj)'
 '(NUM, ->, VERB, conj)' '(ADV, <-, ADJ, csubj)' '(NOUN, ->, PRON, iobj)']"
77,77,"[np.float64(1251.6445959655164), np.float64(1181.182601657176), np.float64(1141.4146492511047), np.float64(1141.367846699088), np.float64(957.9895879268674)]","[646, 1140, 624, 111, 667]","[1, 0, 0, 0, 1]","[np.float64(0.0), np.float64(0.0), np.float64(0.016588838193831123), np.float64(0.0), np.float64(0.0)]",NakedScience,"['(ADJ, ->, PRON, iobj)' '(NOUN, ->, ADV, conj)'
 '(PROPN, ->, PART, advmod)' '(ADJ, ->, NOUN, nmod)'
 '(VERB, ->, ADJ, parataxis)']"
78,78,"[np.float64(776.0327166089675), np.float64(640.1647092733324), np.float64(638.4250054344792), np.float64(630.6806179548067), np.float64(603.1861937655252)]","[752, 1166, 986, 553, 1386]","[0, 0, 0, 0, 121]","[np.float64(0.0), np.float64(0.0), np.float64(0.0018500415599753863), np.float64(0.0), np.float64(0.00347268768166715)]",nlobooks[ru],"['(DET, ->, PUNCT, punct)' '(AUX, ->, VERB, csubj)'
 '(VERB, ->, NOUN, xcomp)' '(ADJ, ->, ADJ, acl:relcl)'
 '(NOUN, ->, ADJ, flat:name)']"
79,79,"[np.float64(7568.136082127682), np.float64(2094.6417176295063), np.float64(2037.3906898443847), np.float64(1665.8567287420976), np.float64(1488.5565448106897)]","[1166, 1411, 1195, 877, 1296]","[2, 0, 0, 0, 0]","[np.float64(0.0), np.float64(0.002569945088383776), np.float64(0.0004076334894478026), np.float64(0.0), np.float64(0.012212828501539076)]",Nosov,"['(AUX, ->, VERB, csubj)' '(NOUN, ->, SYM, nummod:entity)'
 '(VERB, <-, PRON, expl)' '(PROPN, <-, ADJ, nsubj)'
 '(PAD, <-, INTJ, parataxis)']"
80,80,"[np.float64(3927.0611787851235), np.float64(3891.2904662649576), np.float64(3741.9281936031034), np.float64(3427.7430548971074), np.float64(3408.8495146346513)]","[716, 664, 8, 132, 290]","[0, 0, 0, 0, 0]","[np.float64(0.0022097881378897633), np.float64(0.000286800216794966), np.float64(0.0), np.float64(0.01184803542450977), np.float64(0.008970303238803391)]",Oseeva,"['(ADV, <-, NOUN, csubj)' '(PROPN, ->, PROPN, nsubj)'
 '(NOUN, ->, DET, nsubj)' '(VERB, ->, NOUN, advmod)'
 '(NOUN, ->, PART, conj)']"
81,81,"[np.float64(974.908226394793), np.float64(720.0965275140737), np.float64(470.5113362626663), np.float64(432.9960112603676), np.float64(425.7815423948433)]","[466, 1220, 851, 168, 97]","[15, 1, 0, 0, 0]","[np.float64(0.0039126770503222115), np.float64(-8.064515722209117e-11), np.float64(0.0004682101373441249), np.float64(0.00017773998472468222), np.float64(0.0)]",Oster,"['(VERB, <-, SCONJ, obl)' '(PRON, <-, PUNCT, punct)'
 '(NOUN, <-, NUM, nummod)' '(PRON, ->, NUM, nummod:gov)'
 '(VERB, ->, NUM, nummod)']"
82,82,"[np.float64(7540.571920952442), np.float64(1313.55971480096), np.float64(1059.0112140052036), np.float64(904.9378369452353), np.float64(874.887227502185)]","[1356, 1174, 1425, 572, 773]","[58, 5, 30, 0, 0]","[np.float64(0.0), np.float64(0.006370877826084814), np.float64(0.025483511304339256), np.float64(0.006121166568426964), np.float64(0.0)]",Plevako,"['(PROPN, ->, NUM, nummod)' '(VERB, ->, PRON, iobj)'
 '(ADV, ->, VERB, acl:relcl)' '(PRON, ->, VERB, parataxis)'
 '(PRON, <-, VERB, cop)']"
83,83,"[np.float64(3836.8942197809597), np.float64(2990.4047839503087), np.float64(1948.8528436693282), np.float64(1799.7298201147348), np.float64(1736.3547707348748)]","[880, 323, 1018, 347, 1191]","[0, 0, 0, 2, 1]","[np.float64(0.007625988868240404), np.float64(0.0011184905908653397), np.float64(0.003750141547604435), np.float64(0.0058161012528691195), np.float64(0.0018555600920488597)]",Preobrazhensky,"['(PART, ->, VERB, csubj)' '(NOUN, <-, NOUN, nummod)'
 '(NUM, ->, VERB, conj)' '(NUM, ->, ADJ, obl)' '(ADJ, ->, PRON, mark)']"
84,84,"[np.float64(4561.329401042389), np.float64(2145.3926125936005), np.float64(2049.5003498506903), np.float64(1873.6058558096456), np.float64(1714.682787587119)]","[372, 544, 1325, 305, 87]","[0, 0, 0, 3, 0]","[np.float64(0.004671084551733493), np.float64(0.0015619148420669157), np.float64(0.0), np.float64(0.007097480128778404), np.float64(0.0)]",Prokofeva,"['(NUM, ->, ADV, fixed)' '(VERB, <-, CCONJ, mark)'
 '(PRON, ->, PRON, orphan)' '(PRON, ->, NOUN, acl:relcl)'
 '(PART, ->, PRON, fixed)']"
85,85,"[np.float64(4120.326722256374), np.float64(925.3992912019671), np.float64(912.6971095535976), np.float64(706.0849203706381), np.float64(633.3231337695382)]","[1025, 493, 752, 683, 361]","[1, 1, 0, 0, 0]","[np.float64(0.0), np.float64(0.0), np.float64(0.0), np.float64(0.003814400342750803), np.float64(0.0)]",Pushkin,"['(INTJ, ->, X, conj)' '(NOUN, ->, NOUN, obl)' '(DET, ->, PUNCT, punct)'
 '(PRON, ->, NOUN, conj)' '(ADV, <-, PRON, nmod)']"
86,86,"[np.float64(1853.1925033603775), np.float64(1140.4329703745896), np.float64(814.2896448065889), np.float64(301.9646349209859), np.float64(267.0233512145238)]","[815, 1096, 752, 1117, 1282]","[0, 88, 0, 124, 0]","[np.float64(0.0), np.float64(0.0), np.float64(0.0074328727315695784), np.float64(0.0), np.float64(0.0)]",pvlida,"['(VERB, <-, VERB, nsubj)' '(VERB, ->, NOUN, nsubj)'
 '(DET, ->, PUNCT, punct)' '(ADJ, <-, PART, advmod)'
 '(ADV, ->, ADJ, advcl)']"
87,87,"[np.float64(5824.960592907934), np.float64(5058.827694457162), np.float64(3825.358232657032), np.float64(3743.781325476497), np.float64(2632.122337837648)]","[476, 28, 982, 599, 918]","[0, 6, 19, 0, 0]","[np.float64(0.0), np.float64(0.00502193552657474), np.float64(0.035041236427433904), np.float64(0.0040952621120795), np.float64(0.0)]",Regentov,"['(NOUN, ->, ADV, appos)' '(VERB, ->, PROPN, ccomp)'
 '(NUM, <-, ADV, mark)' '(ADV, ->, PART, root)'
 '(CCONJ, ->, SCONJ, fixed)']"
88,88,"[np.float64(7755.792261950912), np.float64(5395.7096733660865), np.float64(3793.8175328662483), np.float64(3407.2696286673727), np.float64(3176.3525711307134)]","[202, 1092, 1140, 1049, 1122]","[2, 0, 111, 0, 0]","[np.float64(0.013655781503247874), np.float64(0.0), np.float64(0.0010135473749431846), np.float64(0.007297966663758483), np.float64(0.0006324515379736078)]",Rubina,"['(VERB, ->, ADV, xcomp)' '(PROPN, ->, VERB, acl)' '(NOUN, ->, ADV, conj)'
 '(NOUN, ->, CCONJ, advmod)' '(PRON, ->, NOUN, parataxis)']"
89,89,"[np.float64(6359.3132786595725), np.float64(5700.866276203418), np.float64(5089.66933712265), np.float64(5004.114191175032), np.float64(4628.2036821246675)]","[362, 669, 257, 665, 979]","[0, 0, 0, 0, 0]","[np.float64(0.0007428123742757761), np.float64(0.0019690389214564157), np.float64(0.013651975091296207), np.float64(0.0), np.float64(0.024181547171702886)]",Rybakov,"['(PROPN, ->, ADV, nsubj)' '(ADJ, <-, PRON, nmod)'
 '(PRON, <-, ADV, advmod)' '(AUX, ->, ADJ, obl)' '(ADJ, <-, ADP, case)']"
90,90,"[np.float64(5124.557417303242), np.float64(2210.353757245069), np.float64(1595.3320548839529), np.float64(1510.624503726911), np.float64(1485.859971268168)]","[634, 792, 615, 604, 1201]","[0, 2, 0, 0, 0]","[np.float64(0.00697401134164138), np.float64(0.003962118535886415), np.float64(0.0), np.float64(0.00020090277342490082), np.float64(0.010870547947157996)]",Salnikov,"['(INTJ, ->, PRON, root)' '(SCONJ, <-, ADV, advmod)'
 '(NOUN, ->, PROPN, nmod)' '(ADV, <-, PRON, discourse)'
 '(PRON, <-, PART, cc)']"
91,91,"[np.float64(5002.041175369046), np.float64(4118.978253567778), np.float64(3361.99792831797), np.float64(3265.9434583784714), np.float64(3001.937597104621)]","[87, 235, 1160, 942, 877]","[30, 0, 0, 0, 8]","[np.float64(0.03045982652340556), np.float64(0.023505066516152886), np.float64(0.07252091079980064), np.float64(0.012231896276520842), np.float64(0.016895683548424287)]",SaltykovSchedrin,"['(PART, ->, PRON, fixed)' '(NOUN, <-, ADV, discourse)'
 '(NOUN, ->, ADP, root)' '(VERB, ->, NOUN, obl)' '(PROPN, <-, ADJ, nsubj)']"
92,92,"[np.float64(2419.7171338242447), np.float64(1375.1298867247906), np.float64(1180.4040951451234), np.float64(1174.0897860682649), np.float64(948.0856701798737)]","[476, 88, 87, 179, 463]","[0, 6, 0, 0, 0]","[np.float64(0.0), np.float64(0.0068913599909562785), np.float64(0.003837041820960443), np.float64(0.01918520910480222), np.float64(0.003837041820960443)]",Semihatov,"['(NOUN, ->, ADV, appos)' '(PROPN, <-, VERB, parataxis)'
 '(PART, ->, PRON, fixed)' '(VERB, <-, SCONJ, obj)'
 '(PROPN, <-, VERB, amod)']"
93,93,"[np.float64(10940.997729020288), np.float64(5507.406467176216), np.float64(4611.822923455258), np.float64(3736.168656588533), np.float64(3653.7878861279187)]","[837, 272, 1007, 305, 322]","[0, 0, 0, 0, 0]","[np.float64(0.0022077546351355654), np.float64(0.00017895440759802824), np.float64(0.010422970157471134), np.float64(0.006391848831274624), np.float64(0.005992349050730607)]",Serafimovich,"['(NOUN, <-, DET, orphan)' '(NOUN, ->, X, acl:relcl)'
 '(VERB, ->, NOUN, orphan)' '(PRON, ->, NOUN, acl:relcl)'
 '(PRON, <-, ADV, mark)']"
94,94,"[np.float64(7592.836041808583), np.float64(2771.1314037492903), np.float64(2692.1836583451295), np.float64(2687.1400302669754), np.float64(2528.5381259050955)]","[483, 450, 1147, 897, 1018]","[1, 0, 0, 0, 0]","[np.float64(0.008178645754369551), np.float64(0.004899186924637855), np.float64(0.025356831723522377), np.float64(0.0012436900890105062), np.float64(0.03181733535024202)]",Sergeev-Tsenskij,"['(ADV, ->, ADJ, fixed)' '(DET, <-, ADV, obl)' '(ADV, <-, PART, cc)'
 '(PROPN, ->, AUX, conj)' '(NUM, ->, VERB, conj)']"
95,95,"[np.float64(2636.048436797964), np.float64(1433.7186380220771), np.float64(1262.5537877818094), np.float64(1251.1641728212667), np.float64(1210.163974127964)]","[773, 689, 1015, 1261, 457]","[0, 0, 0, 0, 0]","[np.float64(0.0), np.float64(0.0), np.float64(0.0), np.float64(0.020922356075853937), np.float64(0.012851242135355467)]",Shevtsov,"['(PRON, <-, VERB, cop)' '(NOUN, <-, PRON, iobj)' '(ADP, <-, NOUN, root)'
 '(ADJ, <-, PRON, mark)' '(ADV, <-, AUX, advcl)']"
96,96,"[np.float64(4253.467590536524), np.float64(3450.9513543219264), np.float64(3301.760126722551), np.float64(2450.248783532899), np.float64(2393.372799615816)]","[1015, 393, 366, 87, 553]","[0, 0, 2, 0, 0]","[np.float64(0.000745514837252826), np.float64(0.000745514837252826), np.float64(0.015327128334892732), np.float64(0.0003092463531909685), np.float64(0.016755869423147055)]",Shukshin,"['(ADP, <-, NOUN, root)' '(PROPN, ->, PRON, iobj)' '(PRON, ->, PRON, acl)'
 '(PART, ->, PRON, fixed)' '(ADJ, ->, ADJ, acl:relcl)']"
97,97,"[np.float64(889.0890456687937), np.float64(873.778974859132), np.float64(857.9275071550541), np.float64(735.2927831628473), np.float64(734.9878218399166)]","[463, 1117, 758, 1140, 851]","[0, 19, 0, 0, 0]","[np.float64(0.0), np.float64(0.06647872514175458), np.float64(0.010543040952323968), np.float64(-1.21798177955561e-11), np.float64(0.013295745028350915)]",ShushpanovLouk,"['(PROPN, <-, VERB, amod)' '(ADJ, <-, PART, advmod)'
 '(ADJ, ->, PRON, obl)' '(NOUN, ->, ADV, conj)' '(NOUN, <-, NUM, nummod)']"
98,98,"[np.float64(1231.9061466667235), np.float64(904.7017586758808), np.float64(762.3449861583006), np.float64(752.535500832811), np.float64(693.3143786278237)]","[851, 97, 619, 466, 876]","[0, 0, 0, 0, 0]","[np.float64(0.019658361009415794), np.float64(0.0), np.float64(0.06395815687559693), np.float64(0.0023634266942643223), np.float64(0.0)]",Shushpanov,"['(NOUN, <-, NUM, nummod)' '(VERB, ->, NUM, nummod)'
 '(PRON, <-, ADV, discourse)' '(VERB, <-, SCONJ, obl)'
 '(PRON, ->, INTJ, conj)']"
99,99,"[np.float64(6468.73076289657), np.float64(4649.289004793375), np.float64(4361.772970541781), np.float64(4319.9022877926955), np.float64(4203.10281200213)]","[1425, 379, 1007, 64, 1156]","[106, 0, 6, 0, 0]","[np.float64(-1.075370201731839e-11), np.float64(0.0002987191732793031), np.float64(0.009655570331703934), np.float64(0.007979122286284718), np.float64(0.0032910981524644023)]",Simonov,"['(ADV, ->, VERB, acl:relcl)' '(NOUN, <-, ADJ, conj)'
 '(VERB, ->, NOUN, orphan)' '(PART, <-, VERB, root)'
 '(ADV, <-, ADV, parataxis)']"
100,100,"[np.float64(1487.4616526040045), np.float64(1020.5501077947639), np.float64(930.7911294796968), np.float64(814.905186328205), np.float64(753.6087864410865)]","[413, 1144, 1357, 722, 802]","[0, 0, 0, 0, 0]","[np.float64(0.00515643282547696), np.float64(0.008414917178961262), np.float64(0.0022454288005266474), np.float64(0.004828857259541271), np.float64(0.004307870678323894)]",Soloviev,"['(ADJ, ->, NOUN, nsubj)' '(PROPN, <-, NOUN, nmod)'
 '(VERB, <-, NOUN, obl)' '(ADJ, ->, PROPN, flat:name)'
 '(ADJ, ->, VERB, advcl)']"
101,101,"[np.float64(3098.5464086860743), np.float64(2151.4640377908245), np.float64(1754.4022598533131), np.float64(1464.355795204502), np.float64(1237.7559252164522)]","[765, 628, 1020, 339, 1078]","[0, 34, 1, 0, 1]","[np.float64(0.0028942667882387806), np.float64(0.0), np.float64(0.04341400182358171), np.float64(0.0), np.float64(0.0)]",Solovyov,"['(VERB, <-, AUX, mark)' '(ADJ, ->, ADJ, iobj)' '(ADV, <-, DET, nsubj)'
 '(ADJ, ->, NUM, nummod:gov)' '(PROPN, ->, PROPN, conj)']"
102,102,"[np.float64(5821.687108290299), np.float64(2965.836587752312), np.float64(2124.6469532783817), np.float64(1932.0891234372168), np.float64(1891.0406673041525)]","[1029, 1117, 29, 168, 290]","[0, 0, 0, 0, 0]","[np.float64(0.0009818505427296096), np.float64(0.004377135075704507), np.float64(0.0), np.float64(0.0), np.float64(0.003591728728559213)]",Stepnova,"['(PROPN, <-, PROPN, det)' '(ADJ, <-, PART, advmod)'
 '(NOUN, ->, PRON, iobj)' '(PRON, ->, NUM, nummod:gov)'
 '(NOUN, ->, PART, conj)']"
103,103,"[np.float64(4809.367101037956), np.float64(4117.186803775069), np.float64(3869.131196508323), np.float64(3631.2437936046417), np.float64(3536.4863673497744)]","[937, 792, 481, 88, 1063]","[0, 0, 0, 0, 0]","[np.float64(0.005326661355476379), np.float64(0.0029775518731626864), np.float64(0.0028909218012448668), np.float64(0.00199885330553327), np.float64(0.011075331543878755)]",Strugatskie,"['(ADJ, ->, PROPN, obj)' '(SCONJ, <-, ADV, advmod)'
 '(PART, <-, CCONJ, parataxis)' '(PROPN, <-, VERB, parataxis)'
 '(PRON, <-, NOUN, parataxis)']"
104,104,"[np.float64(6503.652185374291), np.float64(6350.831818620987), np.float64(6343.049728990111), np.float64(5577.490045153424), np.float64(5142.298170410461)]","[224, 1425, 362, 1024, 1147]","[0, 1, 0, 0, 0]","[np.float64(0.014180632966955799), np.float64(0.03173396101252849), np.float64(0.0497208318785574), np.float64(0.0014999767165315805), np.float64(0.017077650536459512)]",Tamonikov,"['(SCONJ, ->, PROPN, root)' '(ADV, ->, VERB, acl:relcl)'
 '(PROPN, ->, ADV, nsubj)' '(VERB, <-, PART, root)' '(ADV, <-, PART, cc)']"
105,105,"[np.float64(2836.2503663086304), np.float64(2085.7797026733083), np.float64(1606.1375321386874), np.float64(1469.005266401806), np.float64(1221.3228096039384)]","[20, 1096, 327, 859, 553]","[0, 0, 0, 0, 0]","[np.float64(0.01774525640189158), np.float64(0.009453617729354257), np.float64(0.0014721788365595287), np.float64(0.001774525640189158), np.float64(0.06210839740662052)]",TEDRus,"['(NOUN, <-, ADV, compound)' '(VERB, ->, NOUN, nsubj)'
 '(PUNCT, ->, NOUN, nsubj)' '(NUM, ->, VERB, acl)'
 '(ADJ, ->, ADJ, acl:relcl)']"
106,106,"[np.float64(5454.728237450296), np.float64(5102.840261052442), np.float64(4328.370643141975), np.float64(4267.189997150727), np.float64(3900.905619344751)]","[1209, 869, 461, 1358, 853]","[1, 0, 0, 16, 0]","[np.float64(0.014248561391488956), np.float64(0.0031256019835095676), np.float64(0.002427506382652648), np.float64(0.003706273192557878), np.float64(0.005840964869666862)]",Teffi,"['(NOUN, ->, ADV, amod)' '(ADJ, <-, ADP, advmod)'
 '(PRON, <-, PART, orphan)' '(NOUN, <-, X, flat:foreign)'
 '(VERB, <-, NOUN, mark)']"
107,107,"[np.float64(5747.084600979438), np.float64(4656.611185939921), np.float64(4547.183613036532), np.float64(3938.3535763039336), np.float64(3720.983435189986)]","[257, 1161, 599, 1007, 1148]","[105, 0, 0, 2, 0]","[np.float64(0.01542952621399497), np.float64(0.006375604127370662), np.float64(0.0010662450871663925), np.float64(0.006489425795817317), np.float64(0.0039377733082957694)]",Tolstoy,"['(PRON, <-, ADV, advmod)' '(NUM, ->, NOUN, flat:name)'
 '(ADV, ->, PART, root)' '(VERB, ->, NOUN, orphan)'
 '(ADJ, <-, ADV, csubj)']"
108,108,"[np.float64(8048.9731302226555), np.float64(6476.813072204333), np.float64(4499.303124387876), np.float64(4353.277085902087), np.float64(4190.63227405196)]","[39, 1091, 344, 841, 845]","[0, 0, 1, 0, 0]","[np.float64(0.03520496980896402), np.float64(0.002134260466039886), np.float64(0.0013995556025521994), np.float64(0.0018780859016036579), np.float64(0.0036852755322353994)]",Turgenev,"['(PRON, <-, VERB, advmod)' '(NOUN, ->, PART, aux)'
 '(AUX, ->, ADJ, fixed)' '(NUM, ->, NUM, punct)' '(NOUN, <-, ADP, cc)']"
109,109,"[np.float64(3261.7846803426764), np.float64(2947.8518628077436), np.float64(2457.2871163337823), np.float64(1826.234412747915), np.float64(1212.3017744159374)]","[803, 775, 235, 1167, 115]","[0, 1, 0, 0, 0]","[np.float64(0.006217117112329785), np.float64(0.0), np.float64(0.002660659588340612), np.float64(0.007182618055017936), np.float64(0.0015289709637134475)]",Uspensky,"['(ADJ, ->, AUX, conj)' '(NUM, ->, PROPN, parataxis)'
 '(NOUN, <-, ADV, discourse)' '(AUX, <-, PART, orphan)'
 '(NOUN, ->, PROPN, fixed)']"
110,110,"[np.float64(7877.400968685787), np.float64(7549.069322389297), np.float64(6045.486923108385), np.float64(5724.008619267392), np.float64(5639.427455920414)]","[689, 1422, 918, 1423, 159]","[99, 0, 0, 0, 0]","[np.float64(0.004021161202499078), np.float64(0.007434575124520592), np.float64(-1.006599234449288e-11), np.float64(0.001580289867153126), np.float64(0.002136819045741765)]",Vainery,"['(NOUN, <-, PRON, iobj)' '(PART, <-, DET, nsubj)'
 '(CCONJ, ->, SCONJ, fixed)' '(ADJ, ->, PART, discourse)'
 '(PUNCT, <-, PRON, root)']"
111,111,"[np.float64(578.409244609053), np.float64(362.09427732505293), np.float64(313.17942573724895), np.float64(269.8314652094686), np.float64(266.7031450602646)]","[235, 828, 151, 708, 1140]","[0, 8, 0, 0, 0]","[np.float64(0.0037055871409544393), np.float64(0.01116065906504609), np.float64(0.0016259997766491633), np.float64(0.0008129998883245817), np.float64(0.001072491418178093)]",vestnik nsu,"['(NOUN, <-, ADV, discourse)' '(PROPN, ->, NOUN, flat:foreign)'
 '(ADJ, ->, ADJ, obl)' '(PUNCT, ->, PRON, orphan)' '(NOUN, ->, ADV, conj)']"
112,112,"[np.float64(863.2132674306442), np.float64(601.3634278864693), np.float64(515.5594472194147), np.float64(467.15596323291123), np.float64(348.92649262860874)]","[623, 815, 715, 851, 1411]","[0, 0, 0, 24, 4]","[np.float64(-8.79765351513722e-12), np.float64(0.0), np.float64(0.0), np.float64(0.0), np.float64(0.0)]",VestnikRayona,"['(ADJ, <-, NOUN, nmod)' '(VERB, <-, VERB, nsubj)'
 '(PROPN, ->, ADJ, conj)' '(NOUN, <-, NUM, nummod)'
 '(NOUN, ->, SYM, nummod:entity)']"
113,113,"[np.float64(4465.525679492497), np.float64(3742.8606740069276), np.float64(3083.5021306704266), np.float64(2119.8567370566825), np.float64(1593.7684802204612)]","[112, 242, 186, 1354, 837]","[0, 0, 26, 0, 0]","[np.float64(0.0), np.float64(0.02000656726791168), np.float64(0.01167049757294848), np.float64(0.016672139389926396), np.float64(0.008336069694963198)]",Vladimirova,"['(NOUN, <-, INTJ, conj)' '(PROPN, ->, DET, det)' '(VERB, <-, PRON, nmod)'
 '(NOUN, ->, ADP, acl:relcl)' '(NOUN, <-, DET, orphan)']"
114,114,"[np.float64(9890.8677763274), np.float64(4548.858119671833), np.float64(3502.916107296421), np.float64(3422.596199642594), np.float64(3065.5571373082103)]","[651, 605, 1261, 1396, 1088]","[1, 55, 0, 2, 0]","[np.float64(0.001067783523813085), np.float64(0.0021625211791007244), np.float64(0.0), np.float64(0.005744123769347705), np.float64(0.006300237768831393)]",Vlasova,"['(VERB, <-, ADP, case)' '(ADV, <-, NOUN, appos)' '(ADJ, <-, PRON, mark)'
 '(NUM, <-, AUX, cop)' '(CCONJ, <-, ADP, case)']"
115,115,"[np.float64(6131.676740501486), np.float64(4600.826489733505), np.float64(4367.369810946027), np.float64(4202.3390866897835), np.float64(3738.355075672353)]","[1020, 703, 574, 367, 493]","[0, 0, 0, 3, 0]","[np.float64(0.011592713032509682), np.float64(0.007499518830906257), np.float64(0.008522389926049975), np.float64(0.0008532297240796158), np.float64(-6.890906566074564e-12)]",Voinovich,"['(ADV, <-, DET, nsubj)' '(VERB, <-, VERB, cop)'
 '(PROPN, <-, DET, nummod:gov)' '(X, ->, PART, parataxis)'
 '(NOUN, ->, NOUN, obl)']"
116,116,"[np.float64(10248.146564861207), np.float64(3573.1919452943785), np.float64(2273.0129289390966), np.float64(2232.4760672022467), np.float64(2014.5156042080127)]","[166, 963, 1025, 954, 261]","[0, 124, 1, 5, 0]","[np.float64(0.025873172160611475), np.float64(0.012039333784733802), np.float64(0.002115574744837823), np.float64(0.006763518941241308), np.float64(0.010820466617266747)]",Volkov,"['(VERB, ->, VERB, parataxis)' '(NUM, ->, ADJ, fixed)'
 '(INTJ, ->, X, conj)' '(AUX, <-, NOUN, obl)' '(ADJ, ->, INTJ, parataxis)']"
117,117,"[np.float64(4377.779053370426), np.float64(1573.349968385892), np.float64(1105.8776336329875), np.float64(590.1929341329682), np.float64(523.8075779260689)]","[713, 1011, 615, 310, 331]","[16, 2, 0, 124, 0]","[np.float64(0.0), np.float64(0.0), np.float64(0.002778260262596563), np.float64(0.0), np.float64(0.0)]",Vorotyntseva,"['(NOUN, ->, X, parataxis)' '(DET, <-, VERB, parataxis)'
 '(NOUN, ->, PROPN, nmod)' '(VERB, <-, PUNCT, cc)' '(NOUN, ->, VERB, acl)']"
118,118,"[np.float64(338.86370628931087), np.float64(227.31379511136734), np.float64(186.03253325961367), np.float64(176.9079967616677), np.float64(135.73549936793694)]","[824, 101, 111, 1204, 683]","[0, 0, 0, 0, 1]","[np.float64(0.0), np.float64(0.013387651099975462), np.float64(0.0), np.float64(0.0), np.float64(0.0)]",YasenevoMedia,"['(VERB, <-, ADV, parataxis)' '(ADJ, ->, VERB, conj)'
 '(ADJ, ->, NOUN, nmod)' '(PRON, <-, ADV, case)' '(PRON, ->, NOUN, conj)']"
119,119,"[np.float64(6481.228300143789), np.float64(5678.788283997622), np.float64(4549.031387099503), np.float64(4405.735712485927), np.float64(4025.528946764838)]","[366, 467, 67, 1101, 1164]","[0, 0, 10, 0, 0]","[np.float64(0.0006140443316493114), np.float64(0.0021721789171758855), np.float64(0.008108608160801247), np.float64(0.00408679005777604), np.float64(0.006406981629197701)]",Zemlyanoj,"['(PRON, ->, PRON, acl)' '(VERB, <-, AUX, cc)' '(VERB, ->, NUM, det)'
 '(NOUN, ->, NUM, acl:relcl)' '(NOUN, ->, DET, obj)']"
120,120,"[np.float64(2486.250478310364), np.float64(2124.794599984312), np.float64(2094.1303936305785), np.float64(1183.219116522348), np.float64(1142.6428561846415)]","[347, 97, 1078, 961, 540]","[0, 0, 0, 0, 0]","[np.float64(0.003409841147636448), np.float64(0.028031061667178322), np.float64(0.0005920390323087739), np.float64(0.0), np.float64(0.0016707748664565307)]",Zhitkov,"['(NUM, ->, ADJ, obl)' '(VERB, ->, NUM, nummod)'
 '(PROPN, ->, PROPN, conj)' '(NOUN, ->, ADJ, det)'
 '(PART, ->, NOUN, conj)']"
121,121,"[np.float64(9323.362692639816), np.float64(6137.763600236185), np.float64(6009.655201007203), np.float64(5286.8484423351165), np.float64(4612.090597208476)]","[775, 12, 327, 456, 599]","[4, 0, 0, 0, 0]","[np.float64(0.0023357982064236187), np.float64(0.005611818025269862), np.float64(0.006349743135314426), np.float64(0.01006872658086491), np.float64(6.320693057159576e-05)]",ZlotnikovNikolaev,"['(NUM, ->, PROPN, parataxis)' '(ADP, ->, ADJ, root)'
 '(PUNCT, ->, NOUN, nsubj)' '(ADJ, ->, PRON, ccomp)'
 '(ADV, ->, PART, root)']"
122,122,"[np.float64(4433.674209519843), np.float64(2942.5962950642515), np.float64(2850.3523859326283), np.float64(2658.5159712393206), np.float64(2615.1003766452122)]","[476, 305, 852, 918, 961]","[0, 0, 0, 0, 0]","[np.float64(0.020808776143255714), np.float64(0.0007470734302884748), np.float64(0.01446326401967521), np.float64(0.0004555239715386656), np.float64(0.008962303190101786)]",Zlotnikov,"['(NOUN, ->, ADV, appos)' '(PRON, ->, NOUN, acl:relcl)'
 '(NOUN, <-, PART, cc)' '(CCONJ, ->, SCONJ, fixed)' '(NOUN, ->, ADJ, det)']"
123,123,"[np.float64(4005.0755665716624), np.float64(3895.1360436074465), np.float64(3797.3565756004646), np.float64(3782.5578901602084), np.float64(3688.131481438685)]","[97, 1117, 961, 837, 696]","[0, 0, 0, 0, 0]","[np.float64(0.0035510589289281928), np.float64(0.000592294185262398), np.float64(0.09121801976575063), np.float64(0.005952828354560385), np.float64(0.0023820700041856597)]",Zoschenko,"['(VERB, ->, NUM, nummod)' '(ADJ, <-, PART, advmod)'
 '(NOUN, ->, ADJ, det)' '(NOUN, <-, DET, orphan)'
 '(VERB, <-, NOUN, csubj)']"
